
11 0 1
193 0 2
192 0 3
138 0 4
63 0 5
112 1 0
182 1 2
25 1 3
135 1 4
186 1 5
30 2 0
68 2 1
151 2 3
186 2 4
157 2 5
48 3 0
29 3 1
105 3 2
133 3 4
44 3 5
80 4 0
66 4 1
125 4 2
76 4 3
142 4 5
57 5 0
18 5 1
199 5 2
93 5 3
195 5 4
777 1 4
565 4 1
393 4 1
779 2 4
585 0 1
324 2 5
636 1 0
626 5 4
592 1 2
261 0 3
498 5 4
592 0 4
693 4 3
521 2 4
452 1 2
640 2 3
582 0 4
650 3 2
266 1 5
447 4 3
601 2 3
617 5 3
706 0 1
715 5 4
375 0 3
355 0 3
715 3 0
545 3 2
329 2 0
431 1 4
467 3 0
437 2 4
715 4 5
790 1 5
795 0 2
464 0 1
612 0 1
446 5 0
345 0 4
395 3 5
788 0 4
502 3 5
540 3 2
243 5 0
749 5 0
596 0 4
694 0 3
380 0 4
553 4 0
685 5 3
344 5 4
571 3 2
703 1 2
271 3 0
305 4 5
285 0 3
675 5 2
432 3 5
481 0 2
671 1 0
748 4 1
671 4 3
610 0 3
462 1 0
718 5 3
742 2 1
634 4 0
500 3 0
241 0 2
450 5 0
578 4 1
691 4 5
429 4 1
602 5 2
555 3 4